tsp_100_1  24783.1 24373.4 1.68101,
tsp_100_2  22831.6 24677.9 7.48143,
tsp_100_3  24981.6 27700.1 9.81399,
tsp_100_4  26902 24447.1 10.0417,
tsp_100_5  25690.5 25773.3 0.321099,
tsp_100_6  9307.85 8928.46 4.24927,
tsp_1000_1  2.23668e+07 2.21674e+07 0.899366,
tsp_101_1  792.514 689.954 14.8647,
tsp_105_1  17326.2 15873.4 9.15217,
tsp_1060_1  281807 248137 13.5689,
tsp_107_1  40051.5 47222.9 15.1864,
tsp_1084_1  294204 265153 10.9562,
tsp_1173_1  72780.9 63357 14.8743,
tsp_11849_1  1.12228e+06 1.07112e+06 4.77686,
tsp_124_1  62145.2 63099.9 1.51295,
tsp_127_1  139634 143296 2.5558,
tsp_1291_1  58881.2 57189.1 2.95877,
tsp_1304_1  304122 289240 5.14504,
tsp_1323_1  319444 309490 3.21617,
tsp_136_1  118949 111539 6.64356,
tsp_1379_1  68753.7 63839.9 7.69697,
tsp_1400_1  25887 22579.4 14.6488,
tsp_14051_1  569896 536829 6.15976,
tsp_1432_1  190529 170001 12.0757,
tsp_144_1  68051.1 62998.2 8.02078,
tsp_150_1  31981.1 31271.4 2.26959,
tsp_150_2  30968.9 29640.9 4.48047,
tsp_152_1  76855.7 77724.9 1.11828,
tsp_1577_1  26934.9 24431 10.2487,
tsp_159_1  49668 42975.8 15.5718,
tsp_1655_1  71910.4 71920.6 0.0142192,
tsp_1748_1  420471 377553 11.3674,
tsp_1817_1  67524.9 65462 3.15124,
tsp_18512_1  794652 732434 8.49478,
tsp_1889_1  386570 368168 4.99832,
tsp_195_1  2714.14 2562.5 5.91771,
tsp_198_1  17057.2 16445.8 3.71814,
tsp_200_1  35502.5 33283.5 6.6672,
tsp_200_2  35336.5 32987 7.12251,
tsp_2103_1  89785.3 89773.5 0.0131059,
tsp_2152_1  75570.8 73557.3 2.73734,
tsp_225_1  142659 141351 0.925034,
tsp_226_1  91630.3 90543.4 1.20044,
tsp_2319_1  273816 255589 7.13155,
tsp_262_1  2911.55 2687.77 8.32577,
tsp_264_1  52763.2 55830.7 5.49427,
tsp_299_1  59682.3 53901.7 10.7244,
tsp_3038_1  174276 155055 12.396,
tsp_318_1  51840.3 47708.5 8.66044,
tsp_318_2  51840.3 47708.5 8.66044,
tsp_33810_1  7.81581e+07 7.50041e+07 4.20521,
tsp_3795_1  33325.1 32201.9 3.48803,
tsp_400_1  18649.9 17608.8 5.91195,
tsp_417_1  15268.9 13390.6 14.0269,
tsp_439_1  128527 117242 9.62493,
tsp_442_1  58913.9 56253.3 4.72974,
tsp_4461_1  224263 206362 8.67461,
tsp_493_1  40829.5 38020.8 7.38742,
tsp_51_1  481.524 473.21 1.75688,
tsp_574_1  45425.6 39403.4 15.2835,
tsp_575_1  8134.62 7581.92 7.2898,
tsp_5915_1  683770 654491 4.47356,
tsp_5934_1  679119 646472 5.05008,
tsp_654_1  41956.5 36445.8 15.1203,
tsp_70_1  715.075 720.722 0.783499,
tsp_724_1  52643.4 47899.7 9.90344,
tsp_7397_1  2.78909e+07 2.59844e+07 7.33698,
tsp_76_1  663.589 586.61 13.1227,
tsp_76_2  133850 127913 4.64154,
tsp_783_1  10785.7 9885.71 9.10421,
tsp_99_1  1424.89 1347.55 5.73895,
